10010000100001
add 00000000000011 00000000000101 00000000000110
mul 00000000000011 00000000000101 00000000001000
div 00000000000011 00000000000101 11111111111101
div 00000000000101 00000000000011 00000000000010
log 00000000000101 00000000000011 00000000000101
11000000110101
add 00000000000011 00000000000101 00000000000110
mul 00000000000011 00000000000101 00000000001000
div 00000000000011 00000000000101 11111101111101
div 00000000000101 00000000000011 00000000000010
log 00000000000101 00000000000011 00000000000101
