00010000000000000000000000000000
00001000000000000000000000000000
00000100000000000000000000000000
00000010000000000000000000000000
00000001000000000000000000000000
00000000100000000000000000000000
00000000010000000000000000000000
00000000001001000000000000000000
00000000000001000000000000000000
00000000000000010000000000000000
00001000000000010000000000000000
00000000000100000000000000000000
00001000000000000000000000000000
00000100001000000000000000000000
00001000000000000000000000000000
10000000000000000000000000000000
00010000000000000000000000000000
00000100000000000000000000000000
