0000000000000111
0000000000001011
0000000000010011
0000000000100101
0000000000110111
0000000000111101
0000000001000011
0000000001100111
0000000001101101
0000000010000011
0000000010001001
0000000010001111
0000000010011101
0000000010111111
0000000011001011
0000000011010101
0000000011100101
0000000011110111
0000000100011101
0000000100101011
0000000101011111
0000000101100011
0000000101100101
0000000101101001
0000000111000011
0000000111100111
0000001000010001
0000001000101101
0000001001011001
0000001001101111
0000001001110111
0000001011011011
0000001100010011
0000001100110001
0000001101100001
0000001101101011
0000001110000101
0000001110001111
0000001111100011
0000001111101001
0000010000001001
0000010000011011
0000010001101111
0000010100001101
0000010100011001
0000010100100011
0000010100110001
0000010111100101
0000010111111011
0000011000010011
0000011001111111
0000011101001101
0000011101100011
0000011111111001
0000100000000101
0000100000101011
0000100000101101
0000100001100011
0000100010001101
0000100100100101
0000100101110011
0000100101111111
0000101000010011
0000101110010011
0000110000001101
0000110010011011
0000110110111011
0000111100001011
0001000001010011
0001001000001101
0001001100001111
0001011101000101
0001011101110101
0001100001010111
0001101000101011
0001101011010001
0001101011100001
0001101110010001
0001101110100111
0001110000100111
0001110101011011
0001111110111011
0010000000011011
0010001010111111
0010001110100011
0010011010110001
0010011101001111
0010100110010011
0010111111111111
0011000001111001
0011000111100001
0011001100010101
0011010101011101
0011100000100111
0011100111010011
0011101000101001
0100000101000011
0100010001000011
0100011011011011
0100100001000011
0100101001100101
0101001111110001
0101101111101011
0101111010011001
0110000001101011
0110010110111111
0110100001110111
0110100100101111
0111110011000011
0111111001100001
1000000000000011
1000000000010001
1000000010000001
1000000011001111
1000010000100011
1000010000110001
1000010000110111
1000011010101001
1000011100101001
1000100011000111
1001000000001011
1001000000111101
1001100111010101
1111111111111101
