0110000000000001
0101000000000001
0100100000000001
0010010000000001
0110110000000001
0011110000000001
0100001000000001
0110011000000001
0011011000000001
0100000100000001
0001000100000001
0111000100000001
0011100100000001
0111110100000001
0101001100000001
0010101100000001
0010011100000001
0110111100000001
0011100010000001
0101010010000001
0111101010000001
0100011010000001
0010011010000001
0001011010000001
0100001110000001
0110011110000001
0000100001000001
0011010001000001
0001101001000001
0111011001000001
0110111001000001
0101101101000001
0100100011000001
0000110011000001
0000011011000001
0101011011000001
0010000111000001
0111000111000001
0100011111000001
0001011111000001
0001000000100001
0101100000100001
0111011000100001
0011000010100001
0001100010100001
0100010010100001
0000110010100001
0010011110100001
0101111110100001
0100100001100001
0111111001100001
0011001011100001
0100011011100001
0001111111100001
0010000000010001
0101010000010001
0011010000010001
0100011000010001
0011000100010001
0010010010010001
0100111010010001
0111111010010001
0100100001010001
0100100111010001
0011000000110001
0101100100110001
0101110110110001
0101000011110001
0100101000001001
0011000001001001
0111000011001001
0010001011101001
0010111011101001
0110101000011001
0101010001011001
0000101101011001
0000011101011001
0000100111011001
0110010111011001
0110010000111001
0101101010111001
0101110111111001
0101100000000101
0111110101000101
0100010111000101
0000110101100101
0111001011100101
0100100110010101
0111111111110101
0001111000001101
0000011110001101
0010100011001101
0011101010101101
0110010000011101
0100101110011101
0001010001011101
0100001010000011
0100001000100011
0101101101100011
0100001000010011
0010011001010011
0000111111001011
0101011111011011
0001100101111011
0101011000000111
0111110110100111
0110111000010111
0111010010010111
0100001100111111
0000011001111111
0100000000000001
0000100000000001
0000000100000001
0111001100000001
0100010000100001
0000110000100001
0110110000100001
0001010101100001
0001010011100001
0110001100010001
0101000000001001
0011110000001001
0010101110011001
0011111111111111
